---
 max_features: 1500
 fx: 518.0
 fy: 519.0
 ox: 325.5
 oy: 253.5
 q_t1: [-0.3930, 0.8883, 0.2196, -0.0905, 1.3237, 0.8399, 1.5217]
 q_t2: [-0.3930, 0.8883, 0.2196, -0.0905, 1.3237, 0.8399, 1.5217]
 q_truth: [1.0, 0.0, 0.0, 0.0, 0.0, 0.0, 0.0]
 q_test: [1.0, 0.0, 0.0, 0.0, 0.0, 0.001, 0.0]
 img1: "1305031453.391690.png"
 img2: "1305031453.391690.png"
 img1_depth: "1305031453.404816.png"
 img2_depth: "1305031453.404816.png"
 keep_pt_ratio: 0.1
 init: "q_test"

